       0/9        0G    0.1008   0.03487    0.0376    0.1733        10       640 2.463e-05  0.006907 8.262e-07 1.154e-07   0.09653   0.03087   0.03368
       1/9        0G   0.08703   0.02802   0.03355    0.1486         5       640    0.3758    0.3335    0.1315   0.02912   0.06405   0.01969   0.02781
       2/9        0G   0.07018   0.02318   0.02618    0.1195         6       640    0.3172    0.4488    0.3117   0.08426   0.06482   0.02496      0.02
       3/9        0G   0.05881   0.02086   0.01772   0.09739         6       640     0.624    0.7444     0.731    0.2583   0.04541   0.01664   0.01455
       4/9        0G   0.05089    0.0182   0.01203   0.08112        13       640    0.8116    0.8896    0.9117    0.3649   0.04262   0.01374  0.006264
       5/9        0G   0.04523   0.01645  0.007347   0.06903        13       640    0.8854    0.9128    0.9402    0.4202   0.03774    0.0133  0.004963
       6/9        0G   0.04199    0.0153  0.004912    0.0622        11       640     0.892    0.9399    0.9598    0.4453   0.03706   0.01208  0.002924
       7/9        0G   0.03865   0.01474  0.004128   0.05752         5       640      0.94    0.9477    0.9763    0.4951   0.03362   0.01144  0.002127
       8/9        0G   0.03668   0.01432  0.003244   0.05425         7       640     0.953    0.9521    0.9824    0.5155   0.03269   0.01113  0.001726
       9/9        0G   0.03543   0.01392   0.00293   0.05228         9       640    0.9361    0.9468    0.9779    0.5167   0.03231     0.011   0.00161
